Initial sequence:[48, 13, 21, 45, 14, 30, 36, 43, 16, 18, 42, 6, 35, 32, 26, 24, 20, 29, 17, 39, 38, 37, 4, 34, 19, 5, 9, 46, 22, 15, 28, 40, 23, 11, 8, 7, 0, 27, 25, 41, 44, 31, 2, 3, 10, 33, 1, 12, 47, 48]
Cost:1260.7764403444387
Sequence:[48, 38, 46, 1, 42, 29, 39, 20, 0, 10, 13, 6, 37, 2, 26, 17, 4, 9, 43, 36, 25, 32, 35, 27, 34, 18, 40, 45, 5, 16, 31, 47, 14, 22, 21, 41, 8, 23, 30, 15, 33, 11, 44, 24, 7, 3, 28, 19, 12, 48]
Cost:1116.0061368065415
Sequence:[48, 20, 38, 43, 42, 35, 27, 1, 46, 2, 26, 22, 14, 47, 31, 16, 21, 5, 45, 40, 18, 12, 24, 7, 3, 28, 19, 44, 11, 33, 34, 4, 25, 37, 15, 30, 32, 29, 9, 36, 39, 0, 10, 13, 6, 23, 17, 41, 8, 48]
Cost:1138.978941168429
Sequence:[48, 29, 35, 27, 3, 28, 19, 22, 14, 47, 31, 16, 1, 42, 46, 17, 8, 41, 5, 45, 40, 21, 7, 24, 44, 11, 33, 12, 18, 26, 34, 2, 23, 4, 38, 10, 13, 25, 32, 9, 43, 36, 39, 0, 6, 15, 30, 37, 20, 48]
Cost:1291.0909335280207
Sequence:[48, 33, 19, 22, 14, 47, 31, 16, 21, 45, 34, 23, 4, 42, 35, 27, 1, 2, 46, 29, 9, 37, 6, 15, 30, 8, 41, 5, 40, 18, 26, 17, 10, 13, 0, 12, 3, 28, 7, 24, 44, 11, 32, 25, 43, 36, 38, 39, 20, 48]
Cost:1067.3457930726693
Sequence:[48, 38, 43, 46, 1, 42, 25, 37, 6, 4, 23, 2, 17, 26, 40, 18, 34, 10, 13, 0, 39, 36, 9, 29, 27, 35, 32, 30, 15, 12, 24, 7, 3, 28, 19, 22, 14, 47, 31, 16, 21, 5, 45, 33, 11, 44, 41, 8, 20, 48]
Best cost:1067.3457930726693
Best sequence:[48, 38, 43, 46, 1, 42, 25, 37, 6, 4, 23, 2, 17, 26, 40, 18, 34, 10, 13, 0, 39, 36, 9, 29, 27, 35, 32, 30, 15, 12, 24, 7, 3, 28, 19, 22, 14, 47, 31, 16, 21, 5, 45, 33, 11, 44, 41, 8, 20, 48]
Time taken by the algorithm:14.909956693999447
