Initial sequence:[41, 26, 12, 17, 30, 1, 43, 29, 14, 45, 20, 0, 33, 46, 11, 35, 28, 18, 25, 32, 21, 16, 24, 37, 2, 23, 38, 22, 34, 10, 19, 9, 39, 31, 15, 6, 5, 36, 7, 13, 42, 3, 4, 40, 48, 8, 44, 47, 27, 41]
Cost:1285.9709533389318
Sequence:[41, 8, 2, 46, 42, 15, 30, 25, 32, 36, 43, 9, 29, 1, 12, 24, 7, 44, 11, 33, 34, 26, 18, 40, 45, 5, 22, 19, 28, 3, 27, 35, 38, 0, 13, 10, 48, 20, 39, 6, 37, 4, 23, 17, 16, 31, 47, 14, 21, 41]
Cost:818.5485529268295
Sequence:[41, 5, 45, 40, 18, 11, 44, 24, 7, 3, 28, 19, 22, 14, 47, 31, 16, 21, 33, 12, 34, 2, 46, 23, 4, 0, 13, 10, 48, 20, 39, 38, 36, 43, 9, 29, 32, 25, 37, 6, 15, 30, 35, 27, 42, 1, 17, 26, 8, 41]
Cost:1160.7237888529662
Sequence:[41, 20, 48, 6, 15, 30, 37, 25, 32, 29, 42, 35, 27, 1, 46, 2, 34, 12, 33, 11, 44, 24, 3, 7, 5, 45, 40, 18, 26, 38, 10, 13, 0, 39, 36, 43, 9, 4, 23, 17, 8, 21, 16, 31, 22, 28, 19, 14, 47, 41]
Cost:1134.1074332001963
Sequence:[41, 8, 21, 5, 45, 20, 38, 17, 26, 44, 22, 16, 31, 47, 14, 19, 28, 3, 7, 24, 12, 27, 35, 42, 1, 2, 34, 18, 40, 33, 11, 46, 4, 29, 32, 30, 15, 37, 25, 43, 36, 39, 0, 48, 10, 13, 6, 9, 23, 41]
Cost:1376.3402887526076
Sequence:[41, 8, 26, 17, 23, 43, 36, 39, 0, 13, 10, 48, 20, 38, 9, 29, 42, 3, 7, 24, 12, 46, 4, 2, 34, 33, 11, 44, 16, 31, 21, 5, 45, 40, 18, 1, 27, 35, 30, 15, 6, 37, 25, 32, 47, 14, 22, 19, 28, 41]
Best cost:818.5485529268295
Best sequence:[41, 5, 45, 40, 18, 11, 44, 24, 7, 3, 28, 19, 22, 14, 47, 31, 16, 21, 33, 12, 34, 2, 46, 23, 4, 0, 13, 10, 48, 20, 39, 38, 36, 43, 9, 29, 32, 25, 37, 6, 15, 30, 35, 27, 42, 1, 17, 26, 8, 41]
Time taken by the algorithm:15.301606852000077
