Hill_climbing_simple_full_cities

49_cities
[5, 25, 22, 23, 2, 28, 20, 21, 18, 17, 33, 3, 31, 43, 26, 37, 35, 1, 48, 44, 40, 45, 41, 12, 39, 9, 8, 34, 47, 0, 32, 38, 11, 15, 24, 36, 13, 7, 27, 46, 14, 6, 19, 16, 42, 4, 10, 29, 30]
Best cost is 1064.9119069904864
Best cost is 1301.7823443017828
Best cost is 1122.8309783030404
Best cost is 1116.1373549327607
Best cost is 1290.8120913660732
Best Sequence: [5, 21, 33, 11, 24, 7, 3, 28, 19, 22, 16, 31, 47, 14, 44, 12, 15, 30, 6, 36, 9, 35, 27, 42, 1, 46, 2, 17, 26, 40, 18, 34, 37, 25, 32, 29, 4, 23, 8, 41, 43, 39, 0, 13, 10, 48, 20, 38, 45, 5]
Least distance from Simple hill climbing: 1064.9119069904864
Time: 15.004356245999588

full_cities
[492, 289, 735, 134, 91, 38, 334, 413, 6, 258, 706, 210, 686, 260, 66, 682, 532, 580, 701, 376, 668, 199, 31, 371, 67, 402, 185, 388, 657, 252, 676, 654, 643, 19, 621, 295, 356, 353, 305, 92, 5, 646, 214, 561, 449, 448, 468, 423, 659, 568, 452, 610, 411, 744, 451, 235, 125, 499, 679, 121, 648, 136, 518, 460, 743, 664, 18, 367, 397, 162, 141, 522, 298, 731, 662, 212, 578, 307, 665, 436, 618, 236, 345, 34, 601, 724, 354, 476, 414, 198, 172, 697, 428, 87, 486, 277, 217, 140, 385, 584, 552, 513, 338, 52, 128, 467, 293, 16, 69, 73, 330, 391, 703, 729, 126, 443, 77, 358, 586, 319, 180, 24, 647, 278, 644, 360, 481, 382, 155, 181, 635, 192, 244, 193, 205, 503, 314, 285, 482, 472, 457, 726, 308, 487, 617, 14, 253, 614, 541, 677, 245, 534, 144, 562, 426, 721, 228, 742, 373, 396, 333, 502, 732, 33, 660, 680, 394, 311, 712, 340, 430, 72, 405, 50, 753, 79, 720, 603, 361, 348, 182, 634, 150, 310, 406, 432, 85, 25, 715, 166, 183, 383, 15, 197, 57, 280, 530, 232, 571, 683, 549, 317, 666, 110, 324, 624, 276, 403, 477, 727, 368, 272, 540, 663, 71, 286, 542, 560, 661, 47, 521, 303, 344, 247, 395, 201, 318, 579, 707, 474, 583, 202, 714, 99, 750, 440, 681, 203, 437, 355, 81, 76, 722, 535, 27, 299, 139, 705, 204, 723, 46, 0, 567, 506, 441, 254, 328, 645, 279, 478, 458, 548, 186, 569, 297, 693, 632, 142, 359, 528, 321, 709, 120, 51, 221, 133, 269, 533, 749, 398, 529, 63, 675, 86, 220, 445, 42, 304, 740, 288, 639, 483, 392, 190, 585, 270, 592, 55, 12, 641, 389, 48, 211, 473, 130, 2, 300, 577, 421, 620, 366, 309, 23, 491, 547, 514, 224, 331, 117, 316, 626, 554, 152, 494, 115, 747, 262, 433, 65, 733, 187, 239, 60, 412, 629, 612, 374, 7, 107, 327, 638, 590, 673, 582, 736, 461, 600, 173, 418, 431, 689, 608, 249, 408, 611, 387, 485, 146, 231, 525, 519, 306, 302, 122, 386, 708, 500, 157, 466, 573, 149, 717, 615, 550, 667, 287, 145, 710, 416, 22, 184, 636, 464, 670, 745, 369, 8, 671, 209, 100, 208, 523, 116, 326, 625, 588, 672, 118, 174, 442, 509, 332, 716, 640, 179, 516, 575, 465, 589, 378, 557, 390, 678, 537, 227, 40, 730, 341, 719, 495, 256, 156, 170, 751, 167, 490, 151, 89, 520, 41, 191, 526, 109, 415, 222, 171, 453, 725, 598, 420, 741, 544, 347, 238, 35, 322, 94, 343, 694, 161, 59, 313, 658, 377, 259, 616, 165, 62, 20, 627, 114, 175, 78, 225, 267, 135, 352, 505, 422, 702, 234, 455, 558, 250, 154, 241, 292, 112, 329, 111, 674, 651, 75, 504, 336, 264, 44, 137, 471, 215, 301, 737, 459, 652, 596, 32, 650, 230, 637, 605, 105, 104, 488, 283, 101, 427, 315, 207, 169, 381, 43, 429, 196, 604, 129, 591, 510, 273, 602, 501, 539, 21, 456, 606, 266, 248, 36, 399, 524, 574, 446, 37, 543, 153, 93, 164, 711, 294, 536, 160, 384, 410, 61, 102, 251, 30, 70, 739, 163, 365, 480, 325, 685, 335, 713, 147, 349, 704, 95, 684, 515, 633, 512, 691, 469, 178, 669, 531, 53, 630, 108, 692, 119, 435, 475, 213, 80, 17, 226, 623, 559, 517, 655, 484, 463, 320, 143, 450, 3, 263, 511, 84, 372, 96, 379, 281, 296, 132, 148, 243, 653, 49, 570, 700, 97, 90, 407, 127, 206, 357, 401, 748, 546, 233, 158, 690, 282, 738, 594, 404, 545, 576, 642, 284, 26, 564, 438, 746, 39, 425, 362, 123, 45, 622, 255, 444, 462, 113, 54, 507, 138, 29, 82, 265, 312, 274, 68, 218, 159, 593, 595, 56, 619, 409, 195, 496, 219, 393, 237, 572, 628, 470, 728, 351, 375, 553, 290, 497, 339, 323, 189, 417, 268, 447, 498, 246, 370, 734, 11, 188, 98, 257, 566, 1, 364, 493, 337, 223, 346, 363, 88, 200, 599, 434, 439, 479, 609, 698, 291, 527, 597, 551, 556, 176, 10, 261, 240, 216, 718, 168, 380, 9, 400, 613, 350, 103, 696, 424, 28, 275, 695, 242, 631, 106, 4, 13, 131, 555, 699, 688, 229, 649, 538, 454, 419, 194, 177, 752, 565, 581, 58, 687, 74, 271, 124, 563, 656, 508, 83, 489, 607, 342, 587, 64]
Best cost is 18940.290796393292
Best cost is 18794.78569487648
Best cost is 18051.109445735074
Best cost is 17623.438540708492
Best cost is 19323.192311924173
Best Sequence: [492, 317, 154, 423, 264, 53, 219, 590, 707, 86, 629, 397, 4, 78, 286, 217, 38, 513, 625, 428, 337, 705, 695, 147, 704, 745, 744, 176, 420, 204, 465, 31, 41, 8, 45, 214, 558, 110, 21, 153, 224, 470, 499, 677, 6, 575, 584, 175, 506, 411, 654, 121, 672, 287, 161, 519, 49, 198, 157, 166, 373, 419, 256, 401, 294, 582, 155, 667, 240, 611, 225, 174, 489, 50, 676, 137, 99, 430, 156, 122, 593, 746, 293, 318, 712, 607, 485, 578, 65, 637, 574, 538, 643, 297, 694, 329, 298, 105, 118, 708, 527, 651, 248, 427, 516, 144, 679, 244, 263, 235, 238, 164, 604, 149, 343, 509, 439, 344, 60, 67, 181, 609, 114, 619, 605, 356, 375, 408, 253, 700, 171, 26, 196, 626, 639, 713, 422, 216, 680, 380, 251, 30, 35, 139, 429, 242, 521, 124, 476, 61, 232, 540, 210, 313, 418, 68, 634, 359, 749, 311, 315, 292, 682, 510, 374, 606, 113, 283, 600, 535, 108, 486, 75, 361, 300, 433, 325, 517, 354, 73, 71, 577, 280, 440, 88, 468, 648, 448, 483, 434, 191, 195, 392, 189, 737, 623, 747, 618, 602, 669, 281, 66, 85, 570, 407, 753, 96, 748, 188, 387, 608, 482, 560, 205, 339, 686, 303, 585, 107, 649, 668, 367, 393, 530, 717, 750, 550, 536, 561, 532, 2, 328, 469, 665, 586, 371, 172, 657, 179, 276, 689, 3, 622, 471, 507, 404, 478, 58, 621, 663, 446, 442, 151, 168, 20, 559, 11, 291, 518, 7, 709, 403, 514, 697, 410, 79, 117, 56, 615, 698, 183, 302, 233, 496, 378, 523, 10, 382, 472, 89, 581, 690, 461, 64, 15, 223, 409, 414, 37, 261, 726, 732, 212, 594, 652, 150, 450, 290, 282, 5, 346, 553, 699, 425, 336, 98, 202, 140, 93, 415, 491, 32, 81, 273, 511, 714, 589, 268, 39, 452, 342, 0, 48, 305, 236, 312, 734, 389, 725, 143, 199, 484, 505, 416, 528, 57, 432, 543, 377, 24, 384, 431, 721, 249, 180, 322, 299, 522, 16, 647, 170, 599, 47, 284, 14, 395, 576, 165, 633, 692, 271, 132, 741, 159, 653, 445, 616, 152, 549, 146, 184, 178, 82, 739, 229, 531, 247, 211, 671, 275, 424, 237, 234, 453, 379, 120, 350, 631, 278, 254, 334, 335, 327, 192, 160, 386, 230, 330, 591, 309, 556, 564, 681, 508, 617, 685, 23, 369, 91, 396, 135, 245, 488, 497, 28, 357, 241, 358, 480, 603, 569, 545, 388, 464, 436, 627, 269, 457, 614, 362, 277, 691, 301, 636, 158, 733, 503, 473, 646, 587, 539, 555, 459, 134, 18, 426, 182, 413, 190, 658, 567, 43, 435, 565, 592, 226, 642, 588, 116, 129, 321, 632, 13, 730, 316, 22, 106, 201, 259, 655, 674, 738, 111, 568, 731, 142, 650, 34, 399, 145, 306, 613, 252, 368, 320, 675, 662, 504, 544, 515, 349, 119, 444, 537, 475, 345, 333, 262, 279, 40, 185, 520, 716, 501, 610, 125, 141, 659, 213, 524, 74, 270, 187, 720, 684, 348, 42, 265, 70, 72, 162, 267, 641, 133, 208, 656, 194, 710, 597, 481, 383, 571, 630, 295, 752, 257, 186, 715, 109, 46, 479, 529, 220, 557, 215, 729, 494, 258, 673, 660, 173, 288, 331, 177, 59, 394, 363, 169, 206, 95, 324, 417, 76, 687, 323, 727, 222, 688, 138, 366, 243, 250, 33, 102, 123, 326, 645, 493, 80, 341, 310, 200, 127, 678, 289, 365, 454, 340, 743, 148, 1, 666, 533, 54, 285, 381, 17, 740, 546, 100, 579, 126, 62, 90, 92, 595, 101, 338, 598, 69, 456, 563, 12, 231, 583, 664, 390, 525, 541, 385, 136, 332, 628, 296, 644, 406, 255, 728, 467, 706, 460, 661, 711, 572, 272, 449, 412, 314, 87, 347, 391, 596, 52, 703, 9, 612, 112, 372, 304, 548, 355, 402, 398, 51, 635, 260, 103, 197, 502, 352, 551, 228, 552, 441, 307, 474, 227, 566, 466, 683, 620, 19, 696, 702, 353, 246, 512, 451, 477, 131, 500, 573, 29, 319, 27, 370, 97, 562, 163, 308, 463, 554, 25, 203, 547, 443, 239, 209, 36, 495, 722, 751, 55, 458, 438, 742, 83, 274, 77, 736, 487, 735, 266, 498, 534, 360, 624, 193, 723, 526, 167, 128, 490, 670, 638, 94, 542, 351, 84, 701, 115, 437, 218, 405, 719, 724, 693, 63, 376, 580, 421, 104, 447, 44, 130, 718, 221, 462, 364, 601, 207, 400, 455, 640, 492]
Least distance from Simple hill climbing: 17623.438540708492
Time: 61.220945635000135

Hill_climbing_steepest_descent

49_cities
[36, 40, 10, 30, 14, 19, 21, 39, 9, 24, 32, 29, 11, 4, 0, 15, 26, 2, 20, 35, 16, 3, 41, 48, 42, 6, 13, 45, 18, 46, 23, 7, 5, 34, 1, 12, 17, 33, 27, 31, 25, 8, 37, 22, 44, 38, 43, 28, 47]
Best cost is 1302.7285404070608
Best cost is 1196.8046811425993
Best cost is 853.3352979926277
Best cost is 1439.5057134731649
Best cost is 1343.0976290371782
Best Sequence: [36, 6, 15, 30, 37, 25, 32, 35, 27, 42, 4, 23, 34, 16, 31, 47, 14, 22, 19, 28, 3, 7, 24, 21, 41, 8, 45, 5, 33, 11, 44, 12, 40, 18, 26, 17, 2, 46, 1, 29, 9, 43, 39, 0, 13, 10, 48, 20, 38, 36]
Least distance from Steepest Ascent: 853.3352979926277
Time: 15.41878053399978s

full_cities
[542, 49, 738, 217, 172, 655, 366, 559, 220, 26, 116, 137, 635, 396, 505, 317, 415, 431, 282, 603, 151, 53, 538, 274, 48, 649, 330, 222, 715, 208, 681, 462, 140, 360, 150, 620, 291, 662, 147, 343, 545, 245, 233, 691, 106, 741, 618, 79, 737, 523, 394, 731, 202, 379, 0, 558, 492, 475, 574, 11, 305, 587, 442, 456, 78, 344, 432, 174, 588, 351, 447, 716, 138, 668, 204, 284, 485, 100, 696, 358, 7, 705, 688, 126, 640, 201, 355, 65, 511, 446, 44, 546, 225, 748, 472, 704, 576, 548, 35, 117, 242, 569, 625, 407, 315, 424, 13, 644, 54, 170, 15, 252, 720, 359, 279, 158, 590, 28, 750, 697, 210, 632, 422, 572, 478, 14, 37, 243, 238, 298, 139, 299, 733, 88, 180, 9, 254, 196, 732, 599, 418, 692, 452, 701, 735, 480, 25, 584, 533, 56, 534, 319, 302, 381, 183, 186, 579, 8, 378, 19, 702, 481, 409, 664, 573, 683, 337, 708, 753, 503, 263, 684, 247, 541, 235, 694, 290, 397, 680, 112, 658, 232, 566, 436, 234, 428, 223, 693, 723, 318, 231, 400, 260, 374, 429, 537, 22, 508, 535, 689, 497, 272, 125, 726, 278, 631, 646, 182, 41, 149, 77, 334, 501, 474, 295, 144, 425, 487, 509, 323, 597, 191, 152, 575, 27, 30, 285, 74, 310, 678, 347, 607, 498, 271, 253, 105, 567, 514, 402, 453, 173, 70, 240, 80, 303, 490, 416, 346, 52, 724, 601, 406, 386, 275, 31, 36, 568, 127, 648, 128, 67, 622, 417, 739, 614, 536, 55, 516, 321, 690, 734, 3, 629, 517, 325, 657, 628, 616, 580, 740, 169, 749, 207, 643, 549, 206, 641, 373, 486, 326, 547, 423, 115, 60, 654, 187, 98, 368, 348, 313, 5, 329, 286, 340, 72, 624, 102, 120, 376, 571, 518, 671, 188, 164, 656, 229, 320, 230, 268, 189, 259, 135, 484, 199, 744, 142, 76, 636, 467, 615, 32, 596, 652, 362, 577, 161, 1, 642, 107, 710, 527, 593, 440, 387, 586, 71, 477, 130, 435, 667, 604, 609, 166, 608, 610, 672, 179, 281, 94, 651, 674, 682, 113, 314, 717, 706, 626, 730, 193, 621, 66, 718, 73, 510, 99, 405, 363, 752, 104, 463, 216, 728, 466, 699, 109, 427, 444, 627, 103, 695, 114, 82, 585, 426, 659, 553, 195, 384, 339, 563, 592, 40, 68, 20, 335, 583, 209, 134, 565, 184, 306, 92, 288, 203, 468, 582, 645, 251, 38, 118, 213, 136, 312, 160, 500, 729, 316, 50, 42, 163, 256, 525, 606, 392, 677, 59, 554, 449, 311, 205, 445, 465, 352, 91, 560, 277, 58, 62, 289, 211, 287, 476, 292, 661, 619, 388, 434, 17, 369, 200, 354, 719, 87, 461, 669, 86, 294, 181, 499, 146, 686, 226, 512, 159, 482, 300, 443, 594, 39, 331, 239, 375, 176, 506, 578, 520, 111, 246, 507, 97, 521, 23, 561, 129, 212, 308, 746, 700, 494, 336, 543, 157, 219, 665, 602, 131, 660, 356, 687, 564, 412, 591, 110, 595, 504, 357, 532, 309, 743, 491, 2, 555, 471, 10, 197, 389, 457, 613, 714, 611, 349, 495, 280, 162, 401, 383, 167, 153, 267, 745, 371, 304, 29, 273, 33, 283, 81, 673, 171, 438, 301, 515, 228, 721, 365, 46, 353, 391, 551, 513, 727, 224, 95, 124, 34, 742, 433, 121, 637, 479, 51, 528, 685, 307, 145, 404, 713, 552, 530, 269, 460, 398, 248, 361, 21, 647, 420, 364, 4, 524, 24, 83, 393, 489, 419, 441, 413, 350, 84, 483, 522, 367, 192, 470, 450, 623, 276, 725, 258, 529, 430, 526, 244, 709, 47, 293, 342, 380, 338, 108, 488, 175, 633, 639, 90, 168, 185, 455, 458, 544, 570, 711, 322, 141, 540, 270, 550, 345, 143, 670, 736, 16, 531, 707, 215, 236, 85, 198, 469, 600, 101, 96, 451, 221, 255, 612, 64, 634, 454, 218, 75, 675, 496, 712, 395, 698, 296, 264, 89, 177, 241, 154, 598, 297, 650, 459, 448, 45, 464, 410, 493, 502, 12, 411, 133, 119, 261, 122, 562, 377, 324, 250, 676, 6, 437, 473, 132, 722, 262, 257, 69, 214, 539, 155, 556, 663, 333, 617, 61, 327, 390, 156, 148, 581, 178, 328, 93, 408, 679, 421, 399, 57, 237, 653, 703, 605, 747, 43, 385, 266, 341, 751, 370, 190, 18, 589, 666, 249, 372, 123, 638, 557, 227, 165, 332, 265, 63, 439, 382, 630, 519, 194, 414, 403]
Best cost is 13579.373101512288
Best cost is 14161.814943267049
Best cost is 14744.025337703953
Best cost is 13413.050961615005
Best cost is 14598.020953736534
Best Sequence: [542, 195, 292, 343, 286, 740, 426, 612, 34, 680, 173, 117, 418, 574, 417, 82, 178, 95, 324, 229, 233, 281, 202, 693, 666, 63, 1, 718, 559, 653, 459, 180, 711, 555, 171, 56, 349, 175, 703, 575, 211, 629, 424, 340, 38, 138, 39, 247, 642, 237, 289, 728, 250, 322, 543, 400, 31, 725, 296, 644, 17, 639, 321, 635, 551, 502, 585, 59, 394, 499, 54, 104, 33, 577, 737, 598, 667, 119, 168, 423, 588, 544, 65, 210, 390, 365, 174, 115, 312, 160, 182, 735, 99, 451, 50, 177, 165, 133, 580, 189, 72, 358, 323, 668, 527, 260, 13, 352, 557, 30, 469, 411, 517, 89, 338, 285, 672, 121, 112, 347, 220, 506, 271, 479, 203, 380, 649, 234, 145, 741, 457, 379, 57, 21, 110, 383, 87, 456, 231, 155, 240, 425, 64, 721, 19, 638, 299, 445, 571, 164, 193, 45, 214, 330, 611, 66, 472, 562, 470, 43, 592, 105, 305, 482, 742, 242, 521, 49, 149, 163, 382, 25, 531, 86, 10, 540, 707, 239, 698, 476, 498, 569, 594, 345, 487, 401, 626, 91, 327, 701, 283, 366, 688, 534, 494, 708, 496, 485, 578, 190, 268, 303, 673, 452, 404, 399, 406, 309, 335, 453, 495, 332, 602, 460, 655, 619, 356, 101, 172, 253, 691, 24, 670, 350, 572, 566, 201, 276, 141, 230, 537, 370, 656, 403, 88, 7, 301, 568, 689, 471, 622, 241, 570, 369, 508, 302, 266, 183, 429, 107, 671, 151, 603, 48, 438, 20, 478, 637, 621, 410, 398, 739, 714, 130, 188, 159, 461, 447, 123, 169, 191, 565, 511, 103, 51, 197, 643, 212, 341, 293, 597, 127, 624, 474, 262, 279, 359, 298, 606, 560, 342, 374, 221, 196, 696, 539, 587, 716, 272, 395, 14, 167, 317, 252, 47, 170, 702, 486, 536, 67, 388, 503, 396, 122, 553, 700, 530, 100, 579, 280, 304, 77, 26, 422, 514, 682, 222, 29, 554, 397, 437, 405, 70, 146, 541, 491, 329, 93, 733, 434, 5, 18, 97, 665, 654, 287, 633, 139, 513, 218, 415, 549, 140, 715, 448, 263, 546, 158, 678, 458, 152, 450, 481, 467, 558, 669, 545, 600, 269, 55, 143, 428, 74, 706, 674, 576, 750, 526, 595, 630, 94, 610, 147, 125, 353, 516, 333, 255, 556, 483, 150, 734, 652, 80, 27, 35, 419, 393, 320, 120, 599, 675, 455, 662, 109, 710, 98, 344, 275, 583, 664, 732, 687, 148, 46, 713, 746, 334, 84, 8, 41, 200, 310, 235, 493, 181, 142, 468, 325, 385, 392, 699, 116, 313, 480, 538, 525, 113, 36, 684, 625, 2, 421, 40, 507, 384, 245, 427, 291, 620, 135, 213, 748, 488, 337, 90, 690, 518, 581, 753, 28, 497, 186, 420, 520, 449, 284, 657, 717, 605, 412, 114, 532, 647, 522, 249, 738, 492, 501, 128, 259, 535, 490, 593, 591, 444, 273, 402, 632, 228, 129, 226, 608, 192, 78, 132, 660, 573, 547, 615, 261, 68, 439, 743, 61, 686, 219, 590, 58, 364, 264, 504, 510, 297, 217, 441, 288, 236, 694, 367, 331, 519, 391, 650, 432, 75, 646, 227, 108, 747, 16, 631, 722, 751, 658, 552, 184, 52, 316, 339, 589, 0, 348, 194, 12, 161, 512, 489, 414, 729, 584, 529, 15, 157, 596, 215, 37, 463, 307, 319, 727, 9, 500, 118, 378, 258, 692, 328, 223, 409, 355, 308, 4, 719, 318, 243, 685, 617, 607, 76, 207, 724, 362, 92, 723, 375, 705, 609, 361, 683, 408, 3, 659, 96, 357, 257, 752, 377, 618, 561, 204, 306, 351, 314, 628, 315, 208, 282, 290, 616, 627, 389, 254, 156, 736, 294, 278, 238, 614, 436, 695, 111, 22, 295, 185, 244, 134, 407, 550, 368, 640, 613, 623, 473, 464, 336, 251, 166, 246, 651, 137, 676, 248, 198, 6, 442, 53, 79, 515, 663, 601, 446, 435, 360, 83, 413, 225, 274, 23, 386, 124, 209, 443, 523, 205, 730, 232, 206, 677, 373, 153, 44, 440, 709, 433, 126, 69, 265, 477, 131, 81, 634, 720, 73, 381, 71, 187, 604, 85, 300, 731, 505, 372, 62, 144, 528, 465, 661, 179, 466, 106, 371, 176, 586, 524, 277, 648, 11, 484, 270, 745, 744, 533, 430, 563, 346, 641, 454, 462, 697, 42, 376, 704, 363, 199, 387, 749, 136, 216, 267, 582, 726, 567, 509, 32, 224, 354, 548, 154, 256, 162, 681, 475, 712, 564, 60, 311, 102, 416, 431, 679, 636, 326, 645, 542]
Least distance from Steepest Ascent: 13413.050961615005
Time: 266.3919932450008s