 0 1 2
 3 4 5
 8 6 7
 -----
 3 1 2
 0 4 5
 8 6 7
 -----
 3 1 2
 8 4 5
 0 6 7
 -----
 3 1 2
 8 4 5
 6 0 7
 -----
 3 1 2
 8 4 5
 6 7 0
 -----
 3 1 2
 8 4 0
 6 7 5
 -----
 3 1 2
 8 0 4
 6 7 5
 -----
 3 1 2
 0 8 4
 6 7 5
 -----
 0 1 2
 3 8 4
 6 7 5
 -----
 1 0 2
 3 8 4
 6 7 5
 -----
 1 8 2
 3 0 4
 6 7 5
 -----
 1 8 2
 3 4 0
 6 7 5
 -----
 1 8 2
 3 4 5
 6 7 0
 -----
 1 8 2
 3 4 5
 6 0 7
 -----
 1 8 2
 3 0 5
 6 4 7
 -----
 1 0 2
 3 8 5
 6 4 7
 -----
 1 2 0
 3 8 5
 6 4 7
 -----
 1 2 5
 3 8 0
 6 4 7
 -----
 1 2 5
 3 0 8
 6 4 7
 -----
 1 2 5
 3 4 8
 6 0 7
 -----
 1 2 5
 3 4 8
 6 7 0
 -----
 1 2 5
 3 4 0
 6 7 8
 -----
 1 2 0
 3 4 5
 6 7 8
 -----
 1 0 2
 3 4 5
 6 7 8
 -----
 0 1 2
 3 4 5
 6 7 8
 -----
Nodes explored:429
Number of nodes explored to reach goal state:24
Execution time:0.032157050001842435 seconds
