 1 5 7
 3 6 2
 0 4 8
 -----
 1 5 7
 3 6 2
 4 0 8
 -----
 1 5 7
 3 0 2
 4 6 8
 -----
 1 5 7
 3 2 0
 4 6 8
 -----
 1 5 0
 3 2 7
 4 6 8
 -----
 1 0 5
 3 2 7
 4 6 8
 -----
 1 2 5
 3 0 7
 4 6 8
 -----
 1 2 5
 3 7 0
 4 6 8
 -----
 1 2 0
 3 7 5
 4 6 8
 -----
 1 0 2
 3 7 5
 4 6 8
 -----
 0 1 2
 3 7 5
 4 6 8
 -----
 3 1 2
 0 7 5
 4 6 8
 -----
 3 1 2
 4 7 5
 0 6 8
 -----
 3 1 2
 4 7 5
 6 0 8
 -----
 3 1 2
 4 0 5
 6 7 8
 -----
 3 1 2
 0 4 5
 6 7 8
 -----
 0 1 2
 3 4 5
 6 7 8
 -----
Nodes explored:35
Number of nodes explored to reach goal state:16
Execution time:0.0030830559990135953 seconds
