 1 5 7
 3 6 2
 0 4 8
 -----
 1 5 7
 0 6 2
 3 4 8
 -----
 1 5 7
 6 0 2
 3 4 8
 -----
 1 0 7
 6 5 2
 3 4 8
 -----
 1 7 0
 6 5 2
 3 4 8
 -----
 1 7 2
 6 5 0
 3 4 8
 -----
 1 7 2
 6 0 5
 3 4 8
 -----
 1 7 2
 6 4 5
 3 0 8
 -----
 1 7 2
 6 4 5
 0 3 8
 -----
 1 7 2
 0 4 5
 6 3 8
 -----
 1 7 2
 4 0 5
 6 3 8
 -----
 1 0 2
 4 7 5
 6 3 8
 -----
 0 1 2
 4 7 5
 6 3 8
 -----
 4 1 2
 0 7 5
 6 3 8
 -----
 4 1 2
 6 7 5
 0 3 8
 -----
 4 1 2
 6 7 5
 3 0 8
 -----
 4 1 2
 6 0 5
 3 7 8
 -----
 4 1 2
 0 6 5
 3 7 8
 -----
 4 1 2
 3 6 5
 0 7 8
 -----
 4 1 2
 3 6 5
 7 0 8
 -----
 4 1 2
 3 0 5
 7 6 8
 -----
 4 1 2
 0 3 5
 7 6 8
 -----
 0 1 2
 4 3 5
 7 6 8
 -----
 1 0 2
 4 3 5
 7 6 8
 -----
 1 3 2
 4 0 5
 7 6 8
 -----
 1 3 2
 0 4 5
 7 6 8
 -----
 1 3 2
 7 4 5
 0 6 8
 -----
 1 3 2
 7 4 5
 6 0 8
 -----
 1 3 2
 7 0 5
 6 4 8
 -----
 1 0 2
 7 3 5
 6 4 8
 -----
 0 1 2
 7 3 5
 6 4 8
 -----
 7 1 2
 0 3 5
 6 4 8
 -----
 7 1 2
 3 0 5
 6 4 8
 -----
 7 1 2
 3 4 5
 6 0 8
 -----
 7 1 2
 3 4 5
 0 6 8
 -----
 7 1 2
 0 4 5
 3 6 8
 -----
 0 1 2
 7 4 5
 3 6 8
 -----
 1 0 2
 7 4 5
 3 6 8
 -----
 1 4 2
 7 0 5
 3 6 8
 -----
 1 4 2
 0 7 5
 3 6 8
 -----
 1 4 2
 3 7 5
 0 6 8
 -----
 1 4 2
 3 7 5
 6 0 8
 -----
 1 4 2
 3 0 5
 6 7 8
 -----
 1 0 2
 3 4 5
 6 7 8
 -----
 0 1 2
 3 4 5
 6 7 8
 -----
Nodes explored:181
Number of nodes explored to reach goal state:44
Execution time:0.016519730997970328 seconds
